0305044530923158
4986772455989962
4163876539828813
2342739419247924
7931486543023117
6034895056612739
4117035297715549
1399158997660627
1499896249253454
3366848939218172
5806070609061741
0876621345057877
0379703325940422
3993463164771629
1729470748589214
0658028599582807
4887814471318385
8377156505906585
4695081445531168
9500245604678806
9436687101313785
5618622435626525
3794241680729178
2837012019824386
1547525604322738
3306150427973677
9284531339856547
2165493393610855
8616089755523409
2726602939494070
8329483815933202
2203440105813133
3527197809276361
1965696768654682
9283304583756076
8367973725203446
5141863886391447
6395106639072962
3137362403625766
7646919544152968
6070243976579939
9950920971175035
5631533602081331
1787052168477889
0362417828475021
3957046121364560
1404223854726691
9038113331816861
5050297112715056
3828756068970319
9297674836039953
3394819461303851
3297151659942908
6262051397848744
2845950448235863
5332113011714611
3660084022945782
8600783187687973
4729615604294036
7276901318344636
7549395284137638
3786910721764539
0723238551725187
3420856648123202
5774595361715876
1255911265969764
0282042576824255
9852157976516603
4127260763254001
8170599096424240
9840759640842299
9722612257818611
8076305092222491
6644335213791002
2278269345182335
6039007393332552
5567035007239202
5909154335340519
9043882987071963
6542043556427566
7384285123854039
1225623517319669
6032675883071976
2328322587506261
0644408634493034
9884014023647903
3280717866702614
6856828873812604
9608549914522813
4832476913075890
2193972715230641
2622198823346358
2573022390208533
0518594881175529
1022072289836952
5927371795409877
0070604803960319
9534114084314771
9985584992275325
4727357182510680
6341949585952563
9937651244236052
3543332021306245
7570026746032108
8443563462309878
1927611801056285
0261838076132788
4152096413674884
0557976975338451
0999376629124379
1249856748676359
2061860923656655
2177374113919630
8775077428017258
4402771732265181
0774762886815465
5659699054915016
9470800164597501
0925150626762308
5228033768526863
5809459915075654
2708876009097193
0747590813597124
8571722708574643
1562357566810393
7918256752533443
5427009080645055
9027656023338059
0422812885426756
3399364861053516
3933803128338211
3652616294129358
2375502443545179
9882997486378381
7033663121518051
3174379270045864
3979454625416654
2240951178648368
5315326219812123
1622980448239879
4253148793958820
7046117748611564
6685620485747756
3066108797811346
4791589931798048
6026988064592009
0654596992211296
2968055170351130
5337976093923686
9103101956717062
1545823814733552
9701298892040425
3569882396619399
3203796185958798
7913813209624175
0807322008863049
4507073071352893
1018418114348974
9371904392794074
0247990329725342
3012908001422868
5821173105448845
6790646389968678
2800253352640981
5118629875846648
1608062196337851
2520535902203769
0770343284012942
8540637195455101
1225632464417175
1676762016268778
7902197542498193
0188019824603585
7716042222856938
1647118503085126
3743104989317803
9545196111773245
3645880866476151
8041183668335400
8436515676441851
3530189028502875
7471067602838205
8479967495464590
4753981490539191
8259326391342681
5677088846302633
3129654459383006
2073243980404677
4199515840403863
5052452346402051
9704244005565900
4946185987756278
4796810967060744
5382764179565796
7541987739314374
0011303079806761
9224426261471914
3138898469532698
2043971958773522
8548608291351316
5510586949900283
1138421966678239
7824954032846499
5466915298318577
6802994656512784
7643087242351808
4005592547486056
2993425516899569
2960719133347643
0731606611183670
2838072304643039
0202442951723700
5144730275745518
4575931307749163
1725477351660877
3518240071127311
1939983618921649
2194788939696069
6691214577814153
2641054794083492
1660070580824436
7090251302458231
6001878395429864
7167171249792513
1410613909006372
9554860966672333
6444798527221795
5011837939713517
9599760836426116
5449726015852914
3865034384552152
6285109536787186
2763982530162198
8154171198308578
7480006350883882
4956083758788367
1039015901627262
1047633546096022
7449349735977862
3437062718154124
9313578616889059
3239975948930676
6090334823327910
4333940423066302
2985003469291138
0631352824133933
0795967777970879
6505039023842313
9556374634294751
5854396761012191
1401825985537837
8088824850393716
8341719454584768
4074898371818323
5519687175393434
3451134794633517
2415286648161293
6366443994619479
8928414093493138
3170814262719407
0131770792108992
2118391660819227
4627360041573918
1228255861618623
0071119715272492
6834721627529385
2670485517671047
5371243801012388
4585253466628293
3142264445097872
5947932238898050
6382816131483581
3549648389944031
6993772983653735
5370222318394867
9208087858073632
4588233106479482
4964214356525811
0852070011083762
6585268328694600
2254436025676785
4616667057431718
2354218383760929
0858482819476716
1827829018668226
9012341969571070
5611510690235316
8683892001004216
2153927915438535
4375702835280938
2093767103221971
5401834276113665
3103635309152975
2045873008413618
1096789853293909
7328157831857081
6682188667337926
0348490713417429
1174294242039695
0695807172948176
7310046838140771
2957482489566391
6645291537707770
6289564220810025
9975547374911375
5432617680820523
0620986273710878
0279770660002369
7512256666976329
2961730349897943
7993852765689361
4135925444722451
8716519765059982
7380146739962775
2614542224940249
5604840618330114
8115411925529441
7016900854429227
2939644118777583
6759772295339899
9877991623494574
8454578298538534
8771266198213661
6932143186251100
5183243664164009
3137165519167799
0446263630346407
8474346566632932
6476181389815735
3428834744142893
1532548827466292
5199646754420640
7427573617921461
0688516277088181
